10 9
0.000000 119.500000 309.000000
119.000000 119.500000 324.000000
119.000000 0.000000 320.000000
0.000000 0.000000 289.000000
0.000000 239.000000 281.000000
119.000000 239.000000 274.000000
0.000000 0.000000 2000.000000
0.000000 239.000000 2000.000000
119.000000 0.000000 2000.000000
119.000000 239.000000 2000.000000
9     4     5     1
3     0     6     2
6     7     9     1
0     6     2     1
6     0     7     1
0     4     7     1
7     4     9     1
6     8     2     1
8     6     9     1